1, 0, 8, 17, 0, 0
1, 0, 70, 10, 0, 111.0
2, 0, 49, 92, 0, 6745.0
3, 0, 19, 88, 0, 46.0
4, 0, 31, 14, 0, 5488.0
5, 0, 99, 32, 0, 392.0
6, 0, 88, 31, 0, 12.0
7, 0, 2, 82, 0, 2687.0
8, 0, 9, 26, 0, 3143.0
9, 0, 70, 2, 0, 637.0
10, 0, 96, 52, 0, 2526.0
11, 0, 46, 50, 0, 54.0
12, 0, 99, 51, 0, 54.0
13, 0, 74, 32, 0, 386.0
14, 0, 96, 98, 0, 4378.0
15, 0, 17, 49, 0, 2480.0
16, 0, 39, 96, 0, 2231.0
17, 0, 65, 35, 0, 3747.0
18, 0, 53, 66, 0, 973.0
19, 0, 96, 99, 0, 1132.0
20, 0, 17, 47, 0, 2783.0
21, 0, 36, 85, 0, 1463.0
22, 0, 19, 55, 0, 917.0
23, 0, 52, 96, 0, 1714.0
24, 0, 63, 12, 0, 7067.0
25, 0, 17, 18, 0, 82.0
26, 0, 77, 19, 0, 61.0
27, 0, 31, 33, 0, 242.0
28, 0, 50, 99, 0, 4375.0
29, 0, 85, 67, 0, 1059.0
30, 0, 34, 65, 0, 55.0
31, 0, 50, 8, 0, 3265.0
32, 0, 64, 54, 0, 2130.0
33, 0, 87, 78, 0, 599.0
34, 0, 9, 38, 0, 1678.0
35, 0, 20, 77, 0, 1532.0
36, 0, 47, 42, 0, 1252.0
37, 0, 69, 37, 0, 47.0
38, 0, 69, 62, 0, 625.0
39, 0, 56, 85, 0, 542.0
40, 0, 87, 41, 0, 1967.0
41, 0, 18, 35, 0, 105.0
42, 0, 62, 22, 0, 213.0
43, 0, 55, 8, 0, 203.0
44, 0, 46, 85, 0, 5938.0
45, 0, 88, 44, 0, 1723.0
46, 0, 30, 36, 0, 122.0
47, 0, 14, 70, 0, 1172.0
48, 0, 7, 84, 0, 203.0
49, 0, 47, 32, 0, 2744.0
50, 0, 65, 82, 0, 2518.0
51, 0, 58, 75, 0, 56.0
52, 0, 49, 85, 0, 109.0
53, 0, 37, 9, 0, 5788.0
54, 0, 68, 34, 0, 656.0
55, 0, 53, 52, 0, 339.0
56, 0, 25, 71, 0, 389.0
57, 0, 7, 54, 0, 307.0
58, 0, 55, 82, 0, 832.0
59, 0, 32, 42, 0, 1623.0
60, 0, 20, 67, 0, 637.0
61, 0, 17, 91, 0, 579.0
62, 0, 91, 77, 0, 270.0
63, 0, 36, 42, 0, 1280.0
64, 0, 46, 8, 0, 1166.0
65, 0, 7, 47, 0, 1560.0
66, 0, 47, 45, 0, 44.0
67, 0, 95, 31, 0, 244.0
68, 0, 70, 98, 0, 4514.0
69, 0, 82, 73, 0, 637.0
70, 0, 79, 34, 0, 1524.0
71, 0, 24, 72, 0, 1499.0
72, 0, 4, 82, 0, 120.0
73, 0, 11, 53, 0, 848.0
74, 0, 3, 92, 0, 1529.0
75, 0, 16, 89, 0, 22.0
76, 0, 89, 67, 0, 557.0
77, 0, 21, 86, 0, 429.0
78, 0, 94, 94, 0, 137.0
79, 0, 26, 83, 0, 189.0
80, 0, 58, 2, 0, 6593.0
81, 0, 98, 26, 0, 616.0
82, 0, 71, 72, 0, 2143.0
83, 0, 55, 62, 0, 116.0
84, 0, 98, 35, 0, 772.0
85, 0, 56, 66, 0, 1003.0
86, 0, 8, 22, 0, 1984.0
87, 0, 70, 37, 0, 287.0
88, 0, 4, 56, 0, 427.0
89, 0, 84, 51, 0, 105.0
90, 0, 44, 39, 0, 184.0
91, 0, 18, 13, 0, 702.0
92, 0, 56, 22, 0, 119.0
93, 0, 24, 94, 0, 5216.0
94, 0, 21, 52, 0, 1767.0
95, 0, 47, 31, 0, 467.0
96, 0, 90, 0, 0, 1004.0
97, 0, 55, 77, 0, 5964.0
98, 0, 15, 51, 0, 716.0
99, 0, 2, 71, 0, 413.0
100, 0, 53, 30, 0, 1732.0
101, 0, 33, 11, 0, 381.0
102, 0, 37, 31, 0, 404.0
103, 0, 82, 1, 0, 945.0
104, 0, 14, 67, 0, 4424.0
105, 0, 37, 27, 0, 1623.0
106, 0, 49, 19, 0, 76.0
107, 0, 28, 41, 0, 505.0
108, 0, 80, 14, 0, 781.0
109, 0, 22, 24, 0, 158.0
110, 0, 62, 20, 0, 56.0
111, 0, 39, 56, 0, 1319.0
112, 0, 39, 53, 0, 9.0
113, 0, 87, 68, 0, 273.0
114, 0, 32, 92, 0, 631.0
115, 0, 52, 44, 0, 2324.0
116, 0, 33, 28, 0, 275.0
117, 0, 50, 3, 0, 642.0
118, 0, 15, 51, 0, 2339.0
119, 0, 63, 98, 0, 2257.0
120, 0, 77, 46, 0, 2718.0
121, 0, 4, 66, 0, 473.0
122, 0, 15, 51, 0, 236.0
123, 0, 97, 41, 0, 182.0
124, 0, 50, 50, 0, 128.0
125, 0, 28, 63, 0, 191.0
126, 0, 76, 14, 0, 2449.0
127, 0, 40, 11, 0, 45.0
128, 0, 87, 8, 0, 56.0
129, 0, 43, 99, 0, 8325.0
130, 0, 31, 72, 0, 741.0
131, 0, 17, 56, 0, 270.0
132, 0, 98, 45, 0, 202.0
133, 0, 35, 13, 0, 1087.0
134, 0, 59, 50, 0, 1393.0
135, 0, 38, 98, 0, 2325.0
136, 0, 0, 56, 0, 1802.0
137, 0, 21, 98, 0, 1785.0
138, 0, 35, 17, 0, 6575.0
139, 0, 10, 20, 0, 34.0
140, 0, 59, 9, 0, 170.0
141, 0, 44, 72, 0, 3984.0
142, 0, 57, 1, 0, 5054.0
143, 0, 47, 12, 0, 131.0
144, 0, 21, 95, 0, 6915.0
145, 0, 13, 51, 0, 1944.0
146, 0, 94, 85, 0, 1237.0
147, 0, 80, 0, 0, 7239.0
148, 0, 4, 57, 0, 3325.0
149, 0, 39, 33, 0, 611.0
150, 0, 40, 94, 0, 3722.0
151, 0, 49, 68, 0, 685.0
152, 0, 14, 2, 0, 4391.0
153, 0, 51, 80, 0, 6121.0
154, 0, 44, 86, 0, 43.0
155, 0, 24, 36, 0, 2520.0
156, 0, 29, 100, 0, 4101.0
157, 0, 92, 100, 0, 63.0
158, 0, 26, 4, 0, 9282.0
159, 0, 63, 19, 0, 262.0
160, 0, 18, 99, 0, 6445.0
161, 0, 76, 82, 0, 347.0
162, 0, 42, 70, 0, 178.0
163, 0, 95, 52, 0, 377.0
164, 0, 62, 45, 0, 82.0
165, 0, 82, 9, 0, 1316.0
166, 0, 42, 23, 0, 236.0
167, 0, 8, 66, 0, 1883.0
168, 0, 59, 65, 0, 52.0
169, 0, 61, 93, 0, 786.0
170, 0, 62, 68, 0, 626.0
171, 0, 27, 33, 0, 1260.0
172, 0, 8, 53, 0, 419.0
173, 0, 41, 14, 0, 1554.0
174, 0, 47, 65, 0, 2607.0
175, 0, 47, 10, 0, 3025.0
176, 0, 12, 15, 0, 60.0
177, 0, 26, 43, 0, 798.0
178, 0, 13, 98, 0, 3038.0
179, 0, 46, 82, 0, 289.0
180, 0, 48, 67, 0, 227.0
181, 0, 96, 55, 0, 192.0
182, 0, 67, 39, 0, 285.0
183, 0, 57, 65, 0, 686.0
184, 0, 14, 70, 0, 68.0
185, 0, 80, 21, 0, 2467.0
186, 0, 26, 20, 0, 55.0
187, 0, 29, 22, 0, 7.0
188, 0, 82, 89, 0, 4542.0
189, 0, 73, 1, 0, 7753.0
190, 0, 1, 58, 0, 3321.0
191, 0, 95, 31, 0, 823.0
192, 0, 79, 44, 0, 185.0
193, 0, 23, 62, 0, 380.0
194, 0, 79, 16, 0, 2172.0
195, 0, 21, 43, 0, 787.0
196, 0, 76, 9, 0, 1211.0
197, 0, 21, 87, 0, 6139.0
198, 0, 3, 34, 0, 2827.0
199, 0, 18, 66, 0, 1039.0
200, 0, 3, 59, 0, 64.0
201, 0, 72, 43, 0, 325.0
202, 0, 46, 37, 0, 62.0
203, 0, 41, 67, 0, 905.0
204, 0, 84, 51, 0, 299.0
205, 0, 11, 50, 0, 74.0
206, 0, 37, 37, 0, 195.0
207, 0, 50, 55, 0, 337.0
208, 0, 6, 54, 0, 45.0
209, 0, 85, 91, 0, 1448.0
210, 0, 8, 89, 0, 81.0
211, 0, 31, 67, 0, 507.0
212, 0, 49, 1, 0, 4374.0
213, 0, 57, 8, 0, 57.0
214, 0, 18, 33, 0, 664.0
215, 0, 38, 5, 0, 804.0
216, 0, 66, 69, 0, 4124.0
217, 0, 36, 24, 0, 2055.0
218, 0, 19, 65, 0, 1698.0
219, 0, 20, 79, 0, 197.0
220, 0, 37, 95, 0, 273.0
221, 0, 43, 48, 0, 2215.0
222, 0, 80, 89, 0, 1718.0
223, 0, 14, 90, 0, 67.0
224, 0, 94, 43, 0, 2289.0
225, 0, 72, 8, 0, 1247.0
226, 0, 98, 29, 0, 467.0
227, 0, 2, 82, 0, 2905.0
228, 0, 68, 38, 0, 2002.0
229, 0, 8, 96, 0, 3424.0
230, 0, 9, 3, 0, 8650.0
231, 0, 98, 77, 0, 5565.0
232, 0, 99, 60, 0, 290.0
233, 0, 79, 30, 0, 920.0
234, 0, 81, 0, 0, 902.0
235, 0, 90, 13, 0, 178.0
236, 0, 1, 76, 0, 4058.0
237, 0, 61, 79, 0, 69.0
238, 0, 100, 10, 0, 4800.0
239, 0, 57, 68, 0, 3407.0
240, 0, 28, 4, 0, 4125.0
241, 0, 96, 68, 0, 4164.0
242, 0, 10, 34, 0, 1242.0
243, 0, 10, 89, 0, 3025.0
244, 0, 35, 96, 0, 74.0
245, 0, 28, 81, 0, 232.0
246, 0, 36, 27, 0, 2924.0
247, 0, 51, 39, 0, 159.0
248, 0, 75, 87, 0, 2328.0
249, 0, 21, 65, 0, 538.0
250, 0, 85, 65, 0, 64.0
251, 0, 91, 76, 0, 127.0
252, 0, 96, 48, 0, 789.0
253, 0, 50, 26, 0, 530.0
254, 0, 25, 71, 0, 2050.0
255, 0, 29, 33, 0, 1448.0
256, 0, 36, 90, 0, 3256.0
257, 0, 97, 9, 0, 6622.0
258, 0, 52, 44, 0, 1270.0
259, 0, 71, 90, 0, 2135.0
260, 0, 9, 79, 0, 183.0
261, 0, 0, 21, 0, 3373.0
262, 0, 26, 91, 0, 4926.0
263, 0, 37, 66, 0, 636.0
264, 0, 67, 100, 0, 1186.0
265, 0, 86, 74, 0, 695.0
266, 0, 33, 32, 0, 1817.0
267, 0, 11, 45, 0, 191.0
268, 0, 83, 96, 0, 2673.0
269, 0, 26, 67, 0, 898.0
270, 0, 21, 4, 0, 3974.0
271, 0, 34, 83, 0, 6254.0
272, 0, 79, 59, 0, 621.0
273, 0, 23, 40, 0, 417.0
274, 0, 14, 33, 0, 58.0
275, 0, 88, 67, 0, 1230.0
276, 0, 92, 57, 0, 104.0
277, 0, 37, 59, 0, 59.0
278, 0, 32, 6, 0, 2814.0
279, 0, 68, 77, 0, 5077.0
280, 0, 0, 98, 0, 509.0
281, 0, 13, 2, 0, 9229.0
282, 0, 29, 36, 0, 1172.0
283, 0, 6, 32, 0, 39.0
284, 0, 6, 58, 0, 676.0
285, 0, 36, 83, 0, 655.0
286, 0, 32, 23, 0, 3604.0
287, 0, 92, 62, 0, 1581.0
288, 0, 68, 91, 0, 865.0
289, 0, 53, 39, 0, 2719.0
290, 0, 50, 94, 0, 3028.0
291, 0, 39, 56, 0, 1455.0
292, 0, 4, 100, 0, 1971.0
293, 0, 92, 18, 0, 6812.0
294, 0, 49, 96, 0, 6127.0
295, 0, 2, 74, 0, 531.0
296, 0, 18, 92, 0, 340.0
297, 0, 67, 95, 0, 58.0
298, 0, 14, 37, 0, 3417.0
299, 0, 31, 88, 0, 2618.0
300, 0, 74, 26, 0, 3887.0
301, 0, 71, 92, 0, 4359.0
302, 0, 19, 21, 0, 5093.0
303, 0, 55, 26, 0, 61.0
304, 0, 93, 5, 0, 479.0
305, 0, 38, 35, 0, 955.0
306, 0, 94, 33, 0, 60.0
307, 0, 95, 30, 0, 10.0
308, 0, 32, 35, 0, 88.0
309, 0, 73, 56, 0, 482.0
310, 0, 32, 12, 0, 1977.0
311, 0, 11, 3, 0, 102.0
312, 0, 66, 6, 0, 64.0
313, 0, 88, 62, 0, 3158.0
314, 0, 92, 87, 0, 629.0
315, 0, 45, 20, 0, 4536.0
316, 0, 96, 50, 0, 951.0
317, 0, 94, 0, 0, 2502.0
318, 0, 46, 23, 0, 577.0
319, 0, 1, 13, 0, 145.0
320, 0, 44, 1, 0, 187.0
321, 0, 5, 23, 0, 523.0
322, 0, 81, 49, 0, 752.0
323, 0, 7, 62, 0, 243.0
324, 0, 67, 73, 0, 181.0
325, 0, 98, 8, 0, 4256.0
326, 0, 39, 99, 0, 8340.0
327, 0, 7, 83, 0, 288.0
328, 0, 12, 0, 0, 6894.0
329, 0, 72, 96, 0, 9276.0
330, 0, 72, 72, 0, 576.0
331, 0, 2, 91, 0, 431.0
332, 0, 16, 100, 0, 95.0
333, 0, 62, 75, 0, 671.0
334, 0, 74, 80, 0, 37.0
335, 0, 35, 63, 0, 328.0
336, 0, 93, 14, 0, 2459.0
337, 0, 51, 93, 0, 6283.0
338, 0, 70, 87, 0, 55.0
339, 0, 3, 72, 0, 292.0
340, 0, 0, 65, 0, 52.0
341, 0, 28, 27, 0, 1472.0
342, 0, 17, 84, 0, 3260.0
343, 0, 59, 79, 0, 67.0
344, 0, 11, 12, 0, 4537.0
345, 0, 24, 40, 0, 797.0
346, 0, 54, 80, 0, 1630.0
347, 0, 28, 74, 0, 62.0
348, 0, 72, 24, 0, 2544.0
349, 0, 71, 25, 0, 2.0
350, 0, 66, 25, 0, 5.0
351, 0, 14, 38, 0, 221.0
352, 0, 37, 18, 0, 423.0
353, 0, 69, 39, 0, 473.0
354, 0, 94, 16, 0, 554.0
355, 0, 84, 88, 0, 5194.0
356, 0, 61, 97, 0, 104.0
357, 0, 1, 25, 0, 5244.0
358, 0, 76, 14, 0, 196.0
359, 0, 47, 28, 0, 225.0
360, 0, 97, 85, 0, 3299.0
361, 0, 2, 98, 0, 264.0
362, 0, 76, 40, 0, 3438.0
363, 0, 47, 99, 0, 3510.0
364, 0, 66, 46, 0, 2828.0
365, 0, 79, 35, 0, 134.0
366, 0, 73, 24, 0, 127.0
367, 0, 33, 45, 0, 481.0
368, 0, 13, 44, 0, 21.0
369, 0, 39, 96, 0, 2730.0
370, 0, 95, 50, 0, 2172.0
371, 0, 59, 89, 0, 1557.0
372, 0, 43, 38, 0, 2617.0
373, 0, 29, 68, 0, 914.0
374, 0, 81, 39, 0, 893.0
375, 0, 9, 45, 0, 108.0
376, 0, 86, 50, 0, 102.0
377, 0, 81, 0, 0, 2505.0
378, 0, 4, 12, 0, 221.0
379, 0, 2, 0, 0, 146.0
380, 0, 74, 24, 0, 648.0
381, 0, 98, 20, 0, 40.0
382, 0, 45, 32, 0, 197.0
383, 0, 55, 31, 0, 11.0
384, 0, 96, 16, 0, 266.0
385, 0, 38, 96, 0, 6458.0
386, 0, 30, 52, 0, 1944.0
387, 0, 22, 16, 0, 1304.0
388, 0, 61, 35, 0, 400.0
389, 0, 55, 61, 0, 682.0
390, 0, 5, 17, 0, 1986.0
391, 0, 24, 46, 0, 860.0
392, 0, 76, 3, 0, 1901.0
393, 0, 79, 37, 0, 1159.0
394, 0, 90, 19, 0, 335.0
395, 0, 63, 97, 0, 6111.0
396, 0, 3, 24, 0, 5389.0
397, 0, 65, 86, 0, 3906.0
398, 0, 56, 27, 0, 3490.0
399, 0, 61, 51, 0, 581.0
400, 0, 53, 39, 0, 152.0
401, 0, 68, 62, 0, 544.0
402, 0, 16, 50, 0, 196.0
403, 0, 94, 87, 0, 1447.0
404, 0, 34, 65, 0, 544.0
405, 0, 74, 22, 0, 1889.0
406, 0, 94, 95, 0, 5349.0
407, 0, 63, 25, 0, 4931.0
408, 0, 6, 49, 0, 633.0
409, 0, 13, 91, 0, 1771.0
410, 0, 70, 15, 0, 5833.0
411, 0, 79, 71, 0, 3145.0
412, 0, 35, 57, 0, 240.0
413, 0, 28, 54, 0, 16.0
414, 0, 64, 25, 0, 877.0
415, 0, 7, 89, 0, 4153.0
416, 0, 100, 69, 0, 493.0
417, 0, 18, 29, 0, 1682.0
418, 0, 94, 51, 0, 560.0
419, 0, 86, 24, 0, 737.0
420, 0, 2, 3, 0, 525.0
421, 0, 45, 86, 0, 6932.0
422, 0, 7, 64, 0, 522.0
423, 0, 48, 27, 0, 1410.0
424, 0, 43, 32, 0, 30.0
425, 0, 35, 28, 0, 24.0
426, 0, 56, 17, 0, 142.0
427, 0, 55, 46, 0, 842.0
428, 0, 44, 63, 0, 300.0
429, 0, 36, 25, 0, 1452.0
430, 0, 11, 40, 0, 250.0
431, 0, 31, 92, 0, 2724.0
432, 0, 98, 51, 0, 1748.0
433, 0, 59, 7, 0, 1975.0
434, 0, 26, 30, 0, 562.0
435, 0, 24, 60, 0, 902.0
436, 0, 14, 35, 0, 635.0
437, 0, 67, 66, 0, 1014.0
438, 0, 69, 8, 0, 3366.0
439, 0, 8, 26, 0, 385.0
440, 0, 20, 13, 0, 181.0
441, 0, 4, 76, 0, 3985.0
442, 0, 53, 30, 0, 2165.0
443, 0, 52, 48, 0, 325.0
444, 0, 99, 88, 0, 1647.0
445, 0, 85, 98, 0, 114.0
446, 0, 52, 31, 0, 4522.0
447, 0, 88, 64, 0, 1125.0
448, 0, 64, 76, 0, 168.0
449, 0, 28, 49, 0, 765.0
450, 0, 81, 89, 0, 1653.0
451, 0, 25, 50, 0, 1577.0
452, 0, 0, 52, 0, 29.0
453, 0, 37, 15, 0, 1406.0
454, 0, 86, 22, 0, 98.0
455, 0, 35, 93, 0, 5092.0
456, 0, 45, 61, 0, 1034.0
457, 0, 57, 67, 0, 48.0
458, 0, 99, 5, 0, 3886.0
459, 0, 7, 94, 0, 8013.0
460, 0, 39, 39, 0, 3057.0
461, 0, 67, 10, 0, 869.0
462, 0, 62, 44, 0, 1161.0
463, 0, 46, 50, 0, 52.0
464, 0, 43, 86, 0, 1299.0
465, 0, 60, 50, 0, 1313.0
466, 0, 82, 52, 0, 26.0
467, 0, 6, 58, 0, 112.0
468, 0, 15, 11, 0, 2218.0
469, 0, 81, 43, 0, 1090.0
470, 0, 67, 57, 0, 210.0
471, 0, 3, 53, 0, 80.0
472, 0, 67, 64, 0, 185.0
473, 0, 15, 87, 0, 581.0
474, 0, 59, 77, 0, 144.0
475, 0, 64, 13, 0, 4101.0
476, 0, 66, 57, 0, 1938.0
477, 0, 78, 72, 0, 237.0
478, 0, 39, 65, 0, 88.0
479, 0, 74, 96, 0, 996.0
480, 0, 94, 57, 0, 1541.0
481, 0, 84, 43, 0, 206.0
482, 0, 62, 8, 0, 1247.0
483, 0, 19, 56, 0, 2347.0
484, 0, 71, 37, 0, 413.0
485, 0, 12, 67, 0, 959.0
486, 0, 66, 53, 0, 250.0
487, 0, 67, 53, 0, 1.0
488, 0, 8, 18, 0, 1284.0
489, 0, 49, 62, 0, 1977.0
490, 0, 61, 47, 0, 237.0
491, 0, 35, 93, 0, 2142.0
492, 0, 34, 64, 0, 842.0
493, 0, 45, 38, 0, 687.0
494, 0, 24, 53, 0, 246.0
495, 0, 13, 15, 0, 1455.0
496, 0, 12, 39, 0, 577.0
497, 0, 59, 34, 0, 72.0
498, 0, 35, 48, 0, 220.0
499, 0, 98, 51, 0, 72.0
500, 0, 1, 27, 0, 673.0
501, 0, 28, 87, 0, 3627.0
502, 0, 21, 75, 0, 151.0
503, 0, 95, 50, 0, 699.0
504, 0, 23, 42, 0, 136.0
505, 0, 33, 85, 0, 1859.0
506, 0, 31, 1, 0, 7058.0
507, 0, 57, 62, 0, 3747.0
508, 0, 70, 57, 0, 38.0
509, 0, 2, 63, 0, 104.0
510, 0, 70, 75, 0, 212.0
511, 0, 17, 53, 0, 537.0
512, 0, 97, 83, 0, 980.0
513, 0, 52, 36, 0, 2254.0
514, 0, 59, 58, 0, 491.0
515, 0, 36, 4, 0, 2939.0
516, 0, 54, 19, 0, 243.0
517, 0, 99, 79, 0, 3645.0
518, 0, 17, 9, 0, 4982.0
519, 0, 73, 62, 0, 2865.0
520, 0, 2, 1, 0, 3792.0
521, 0, 15, 96, 0, 9038.0
522, 0, 12, 84, 0, 147.0
523, 0, 31, 43, 0, 1700.0
524, 0, 64, 18, 0, 658.0
525, 0, 74, 62, 0, 1946.0
526, 0, 12, 35, 0, 791.0
527, 0, 92, 28, 0, 129.0
528, 0, 11, 10, 0, 405.0
529, 0, 82, 57, 0, 2280.0
530, 0, 35, 44, 0, 216.0
531, 0, 6, 76, 0, 1053.0
532, 0, 73, 76, 0, 67.0
533, 0, 56, 14, 0, 3861.0
534, 0, 27, 32, 0, 353.0
535, 0, 57, 49, 0, 319.0
536, 0, 20, 97, 0, 2341.0
537, 0, 18, 30, 0, 4491.0
538, 0, 71, 1, 0, 894.0
539, 0, 9, 91, 0, 8162.0
540, 0, 95, 6, 0, 7311.0
541, 0, 16, 27, 0, 520.0
542, 0, 66, 47, 0, 450.0
543, 0, 29, 11, 0, 1333.0
544, 0, 90, 6, 0, 86.0
545, 0, 88, 64, 0, 3366.0
546, 0, 87, 7, 0, 3250.0
547, 0, 86, 66, 0, 3482.0
548, 0, 45, 49, 0, 330.0
549, 0, 93, 27, 0, 532.0
550, 0, 30, 82, 0, 3088.0
551, 0, 71, 33, 0, 2442.0
552, 0, 21, 55, 0, 534.0
553, 0, 82, 54, 0, 62.0
554, 0, 88, 11, 0, 1855.0
555, 0, 74, 81, 0, 4914.0
556, 0, 16, 81, 0, 58.0
557, 0, 79, 44, 0, 1432.0
558, 0, 78, 54, 0, 101.0
559, 0, 53, 45, 0, 106.0
560, 0, 41, 59, 0, 208.0
561, 0, 20, 86, 0, 750.0
562, 0, 82, 73, 0, 231.0
563, 0, 94, 91, 0, 336.0
564, 0, 29, 44, 0, 2274.0
565, 0, 83, 76, 0, 1078.0
566, 0, 3, 57, 0, 441.0
567, 0, 15, 70, 0, 181.0
568, 0, 15, 57, 0, 169.0
569, 0, 71, 81, 0, 632.0
570, 0, 44, 32, 0, 2428.0
571, 0, 33, 15, 0, 300.0
572, 0, 77, 67, 0, 2748.0
573, 0, 31, 69, 0, 50.0
574, 0, 67, 47, 0, 520.0
575, 0, 35, 97, 0, 2532.0
576, 0, 59, 77, 0, 424.0
577, 0, 12, 53, 0, 623.0
578, 0, 100, 71, 0, 412.0
579, 0, 42, 12, 0, 3539.0
580, 0, 44, 18, 0, 38.0
581, 0, 61, 19, 0, 18.0
582, 0, 84, 47, 0, 807.0
583, 0, 35, 93, 0, 2165.0
584, 0, 8, 92, 0, 28.0
585, 0, 61, 14, 0, 6137.0
586, 0, 50, 68, 0, 2927.0
587, 0, 5, 44, 0, 621.0
588, 0, 28, 85, 0, 1704.0
589, 0, 12, 33, 0, 2720.0
590, 0, 19, 78, 0, 2032.0
591, 0, 23, 33, 0, 2029.0
592, 0, 11, 27, 0, 48.0
593, 0, 28, 14, 0, 186.0
594, 0, 43, 10, 0, 31.0
595, 0, 92, 45, 0, 1274.0
596, 0, 97, 8, 0, 1374.0
597, 0, 18, 72, 0, 4175.0
598, 0, 65, 55, 0, 336.0
599, 0, 84, 100, 0, 2044.0
600, 0, 18, 86, 0, 262.0
601, 0, 53, 61, 0, 660.0
602, 0, 85, 88, 0, 761.0
603, 0, 2, 80, 0, 147.0
604, 0, 94, 38, 0, 1856.0
605, 0, 34, 92, 0, 2976.0
606, 0, 35, 7, 0, 7226.0
607, 0, 53, 22, 0, 243.0
608, 0, 81, 7, 0, 253.0
609, 0, 34, 79, 0, 5231.0
610, 0, 50, 55, 0, 592.0
611, 0, 20, 93, 0, 1474.0
612, 0, 24, 90, 0, 13.0
613, 0, 1, 12, 0, 6107.0
614, 0, 7, 60, 0, 2310.0
615, 0, 48, 42, 0, 365.0
616, 0, 63, 26, 0, 271.0
617, 0, 96, 32, 0, 69.0
618, 0, 86, 33, 0, 11.0
619, 0, 20, 84, 0, 2667.0
620, 0, 12, 33, 0, 2609.0
621, 0, 22, 37, 0, 26.0
622, 0, 81, 96, 0, 3540.0
623, 0, 16, 99, 0, 74.0
624, 0, 39, 73, 0, 699.0
625, 0, 77, 81, 0, 102.0
626, 0, 18, 42, 0, 1580.0
627, 0, 70, 16, 0, 728.0
628, 0, 96, 94, 0, 6110.0
629, 0, 28, 19, 0, 5693.0
630, 0, 1, 39, 0, 427.0
631, 0, 39, 100, 0, 3759.0
632, 0, 30, 71, 0, 850.0
633, 0, 3, 9, 0, 3871.0
634, 0, 19, 85, 0, 5792.0
635, 0, 18, 84, 0, 2.0
636, 0, 100, 9, 0, 5707.0
637, 0, 91, 99, 0, 8109.0
638, 0, 74, 13, 0, 7413.0
639, 0, 56, 63, 0, 2518.0
640, 0, 78, 76, 0, 191.0
641, 0, 99, 71, 0, 46.0
642, 0, 43, 60, 0, 177.0
643, 0, 0, 29, 0, 1004.0
644, 0, 34, 13, 0, 290.0
645, 0, 17, 21, 0, 81.0
646, 0, 23, 38, 0, 295.0
647, 0, 49, 91, 0, 2835.0
648, 0, 65, 20, 0, 5057.0
649, 0, 63, 32, 0, 146.0
650, 0, 79, 85, 0, 2825.0
651, 0, 84, 8, 0, 5934.0
652, 0, 34, 60, 0, 2754.0
653, 0, 81, 56, 0, 63.0
654, 0, 82, 65, 0, 82.0
655, 0, 65, 13, 0, 2721.0
656, 0, 93, 41, 0, 812.0
657, 0, 11, 56, 0, 307.0
658, 0, 49, 22, 0, 1194.0
659, 0, 52, 91, 0, 4764.0
660, 0, 56, 11, 0, 6404.0
661, 0, 62, 51, 0, 1606.0
662, 0, 12, 31, 0, 450.0
663, 0, 89, 93, 0, 3921.0
664, 0, 96, 81, 0, 151.0
665, 0, 71, 77, 0, 41.0
666, 0, 92, 59, 0, 345.0
667, 0, 86, 93, 0, 1162.0
668, 0, 85, 49, 0, 1937.0
669, 0, 16, 68, 0, 430.0
670, 0, 91, 64, 0, 91.0
671, 0, 94, 22, 0, 1767.0
672, 0, 100, 93, 0, 5047.0
673, 0, 80, 43, 0, 2520.0
674, 0, 98, 82, 0, 1539.0
675, 0, 65, 28, 0, 2949.0
676, 0, 43, 59, 0, 983.0
677, 0, 42, 8, 0, 2602.0
678, 0, 23, 5, 0, 28.0
679, 0, 11, 11, 0, 48.0
680, 0, 18, 66, 0, 3032.0
681, 0, 88, 84, 0, 394.0
682, 0, 62, 89, 0, 51.0
683, 0, 47, 43, 0, 2131.0
684, 0, 7, 72, 0, 881.0
685, 0, 97, 64, 0, 154.0
686, 0, 95, 99, 0, 1227.0
687, 0, 93, 37, 0, 3846.0
688, 0, 5, 57, 0, 488.0
689, 0, 82, 91, 0, 1233.0
690, 0, 33, 6, 0, 7274.0
691, 0, 86, 41, 0, 1278.0
692, 0, 0, 96, 0, 3111.0
693, 0, 3, 61, 0, 1228.0
694, 0, 42, 22, 0, 1560.0
695, 0, 28, 83, 0, 3735.0
696, 0, 13, 38, 0, 2040.0
697, 0, 50, 98, 0, 3637.0
698, 0, 48, 23, 0, 5627.0
699, 0, 53, 43, 0, 405.0
700, 0, 69, 32, 0, 137.0
701, 0, 88, 7, 0, 644.0
702, 0, 97, 31, 0, 585.0
703, 0, 31, 34, 0, 75.0
704, 0, 25, 35, 0, 7.0
705, 0, 49, 37, 0, 28.0
706, 0, 92, 93, 0, 3179.0
707, 0, 11, 27, 0, 4437.0
708, 0, 28, 48, 0, 458.0
709, 0, 90, 95, 0, 2271.0
710, 0, 19, 91, 0, 87.0
711, 0, 80, 50, 0, 1742.0
712, 0, 9, 22, 0, 855.0
713, 0, 74, 66, 0, 2001.0
714, 0, 50, 90, 0, 600.0
715, 0, 10, 81, 0, 121.0
716, 0, 8, 25, 0, 3138.0
717, 0, 64, 40, 0, 281.0
718, 0, 78, 34, 0, 50.0
719, 0, 68, 31, 0, 19.0
720, 0, 21, 38, 0, 96.0
721, 0, 27, 8, 0, 906.0
722, 0, 28, 65, 0, 3250.0
723, 0, 83, 67, 0, 59.0
724, 0, 49, 90, 0, 563.0
725, 0, 26, 58, 0, 1047.0
726, 0, 95, 24, 0, 1225.0
727, 0, 13, 51, 0, 811.0
728, 0, 86, 79, 0, 857.0
729, 0, 97, 13, 0, 4367.0
730, 0, 58, 25, 0, 183.0
731, 0, 64, 48, 0, 535.0
732, 0, 81, 94, 0, 2133.0
733, 0, 4, 69, 0, 702.0
734, 0, 95, 74, 0, 116.0
735, 0, 52, 43, 0, 1004.0
736, 0, 75, 12, 0, 984.0
737, 0, 9, 83, 0, 5107.0
738, 0, 86, 24, 0, 3558.0
739, 0, 43, 15, 0, 124.0
740, 0, 19, 52, 0, 1393.0
741, 0, 35, 26, 0, 692.0
742, 0, 5, 84, 0, 3394.0
743, 0, 57, 40, 0, 1988.0
744, 0, 33, 95, 0, 3049.0
745, 0, 63, 89, 0, 66.0
746, 0, 36, 70, 0, 388.0
747, 0, 41, 46, 0, 581.0
748, 0, 3, 20, 0, 714.0
749, 0, 32, 32, 0, 173.0
750, 0, 59, 88, 0, 3163.0
751, 0, 1, 49, 0, 1579.0
752, 0, 85, 69, 0, 484.0
753, 0, 72, 49, 0, 413.0
754, 0, 45, 8, 0, 1708.0
755, 0, 67, 15, 0, 71.0
756, 0, 66, 49, 0, 1157.0
757, 0, 46, 53, 0, 36.0
758, 0, 53, 12, 0, 1688.0
759, 0, 76, 58, 0, 2139.0
760, 0, 99, 83, 0, 648.0
761, 0, 99, 65, 0, 324.0
762, 0, 91, 9, 0, 3144.0
763, 0, 0, 9, 0, 91.0
764, 0, 14, 56, 0, 2223.0
765, 0, 7, 61, 0, 32.0
766, 0, 5, 88, 0, 731.0
767, 0, 13, 65, 0, 537.0
768, 0, 71, 57, 0, 122.0
769, 0, 65, 2, 0, 3031.0
770, 0, 68, 74, 0, 5187.0
771, 0, 24, 2, 0, 5228.0
772, 0, 45, 79, 0, 5950.0
773, 0, 62, 53, 0, 693.0
774, 0, 47, 37, 0, 271.0
775, 0, 51, 26, 0, 125.0
776, 0, 2, 37, 0, 170.0
777, 0, 80, 83, 0, 2194.0
778, 0, 32, 70, 0, 217.0
779, 0, 10, 23, 0, 2231.0
780, 0, 2, 14, 0, 89.0
781, 0, 28, 92, 0, 6110.0
782, 0, 27, 94, 0, 5.0
783, 0, 74, 89, 0, 72.0
784, 0, 73, 9, 0, 6401.0
785, 0, 69, 72, 0, 3973.0
786, 0, 70, 11, 0, 3722.0
787, 0, 95, 47, 0, 1321.0
788, 0, 68, 58, 0, 148.0
789, 0, 100, 89, 0, 993.0
790, 0, 3, 16, 0, 5426.0
791, 0, 53, 58, 0, 1814.0
792, 0, 88, 62, 0, 51.0
793, 0, 100, 77, 0, 237.0
794, 0, 10, 99, 0, 574.0
795, 0, 31, 37, 0, 3865.0
796, 0, 83, 41, 0, 68.0
797, 0, 52, 40, 0, 32.0
798, 0, 96, 27, 0, 213.0
799, 0, 73, 84, 0, 3272.0
800, 0, 3, 28, 0, 3206.0
801, 0, 64, 8, 0, 461.0
802, 0, 70, 6, 0, 10.0
803, 0, 83, 62, 0, 3149.0
804, 0, 7, 72, 0, 176.0
805, 0, 61, 58, 0, 250.0
806, 0, 96, 86, 0, 819.0
807, 0, 63, 73, 0, 202.0
808, 0, 70, 51, 0, 491.0
809, 0, 69, 49, 0, 5.0
810, 0, 84, 87, 0, 1459.0
811, 0, 39, 8, 0, 6286.0
812, 0, 39, 72, 0, 4096.0
813, 0, 25, 4, 0, 4638.0
814, 0, 70, 28, 0, 621.0
815, 0, 38, 16, 0, 176.0
816, 0, 30, 28, 0, 152.0
817, 0, 36, 87, 0, 3487.0
818, 0, 70, 100, 0, 203.0
819, 0, 29, 17, 0, 6930.0
820, 0, 47, 41, 0, 594.0
821, 0, 44, 72, 0, 964.0
822, 0, 28, 100, 0, 800.0
823, 0, 64, 25, 0, 5661.0
824, 0, 40, 12, 0, 193.0
825, 0, 54, 67, 0, 3039.0
826, 0, 67, 37, 0, 913.0
827, 0, 63, 48, 0, 125.0
828, 0, 70, 73, 0, 632.0
829, 0, 84, 67, 0, 50.0
830, 0, 93, 87, 0, 409.0
831, 0, 81, 19, 0, 4636.0
832, 0, 87, 59, 0, 1606.0
833, 0, 94, 17, 0, 1771.0
834, 0, 48, 11, 0, 82.0
835, 0, 80, 96, 0, 7257.0
836, 0, 0, 70, 0, 756.0
837, 0, 40, 8, 0, 3884.0
838, 0, 90, 15, 0, 99.0
839, 0, 51, 13, 0, 43.0
840, 0, 8, 14, 0, 44.0
841, 0, 100, 60, 0, 2208.0
842, 0, 56, 3, 0, 3293.0
843, 0, 31, 97, 0, 8861.0
844, 0, 23, 91, 0, 44.0
845, 0, 38, 62, 0, 856.0
846, 0, 10, 54, 0, 92.0
847, 0, 66, 21, 0, 1145.0
848, 0, 43, 3, 0, 347.0
849, 0, 26, 84, 0, 6578.0
850, 0, 9, 0, 0, 7073.0
851, 0, 94, 23, 0, 614.0
852, 0, 9, 24, 0, 86.0
853, 0, 37, 98, 0, 5504.0
854, 0, 93, 7, 0, 8337.0
855, 0, 97, 38, 0, 965.0
856, 0, 53, 91, 0, 2853.0
857, 0, 22, 69, 0, 515.0
858, 0, 46, 68, 0, 25.0
859, 0, 72, 23, 0, 2051.0
860, 0, 20, 1, 0, 536.0
861, 0, 16, 5, 0, 20.0
862, 0, 15, 76, 0, 5042.0
863, 0, 48, 37, 0, 1554.0
864, 0, 65, 36, 0, 18.0
865, 0, 17, 51, 0, 273.0
866, 0, 68, 25, 0, 727.0
867, 0, 35, 16, 0, 114.0
868, 0, 27, 20, 0, 24.0
869, 0, 6, 84, 0, 4117.0
870, 0, 70, 34, 0, 2564.0
871, 0, 62, 86, 0, 2712.0
872, 0, 23, 9, 0, 5968.0
873, 0, 49, 60, 0, 2627.0
874, 0, 4, 68, 0, 109.0
875, 0, 80, 57, 0, 197.0
876, 0, 78, 45, 0, 146.0
877, 0, 13, 84, 0, 1586.0
878, 0, 62, 77, 0, 98.0
879, 0, 80, 97, 0, 418.0
880, 0, 99, 80, 0, 308.0
881, 0, 57, 21, 0, 3523.0
882, 0, 35, 60, 0, 1543.0
883, 0, 16, 66, 0, 55.0
884, 0, 62, 7, 0, 3527.0
885, 0, 73, 95, 0, 7755.0
886, 0, 40, 18, 0, 5962.0
887, 0, 45, 50, 0, 1029.0
888, 0, 65, 79, 0, 861.0
889, 0, 4, 69, 0, 161.0
890, 0, 82, 5, 0, 4174.0
891, 0, 4, 73, 0, 4702.0
892, 0, 87, 20, 0, 2892.0
893, 0, 92, 15, 0, 30.0
894, 0, 59, 48, 0, 1122.0
895, 0, 10, 88, 0, 1649.0
896, 0, 22, 75, 0, 181.0
897, 0, 15, 46, 0, 848.0
898, 0, 76, 38, 0, 125.0
899, 0, 56, 23, 0, 245.0
900, 0, 93, 77, 0, 2953.0
901, 0, 44, 62, 0, 274.0
902, 0, 32, 89, 0, 741.0
903, 0, 6, 28, 0, 3747.0
904, 0, 95, 19, 0, 170.0
905, 0, 97, 86, 0, 4491.0
906, 0, 61, 11, 0, 5661.0
907, 0, 88, 65, 0, 2943.0
908, 0, 76, 20, 0, 2037.0
909, 0, 83, 71, 0, 2608.0
910, 0, 80, 21, 0, 2503.0
911, 0, 13, 94, 0, 5396.0
912, 0, 10, 0, 0, 8839.0
913, 0, 80, 76, 0, 5846.0
914, 0, 7, 4, 0, 5257.0
915, 0, 99, 73, 0, 4853.0
916, 0, 93, 12, 0, 3727.0
917, 0, 19, 6, 0, 110.0
918, 0, 78, 22, 0, 315.0
919, 0, 52, 52, 0, 926.0
920, 0, 79, 41, 0, 148.0
921, 0, 27, 52, 0, 173.0
922, 0, 3, 51, 0, 25.0
923, 0, 7, 72, 0, 445.0
924, 0, 59, 29, 0, 1901.0
925, 0, 8, 26, 0, 60.0
926, 0, 22, 8, 0, 338.0
927, 0, 13, 24, 0, 265.0
928, 0, 19, 55, 0, 967.0
929, 0, 11, 33, 0, 492.0
930, 0, 65, 86, 0, 2863.0
931, 0, 81, 88, 0, 20.0
932, 0, 40, 79, 0, 122.0
933, 0, 74, 31, 0, 2338.0
934, 0, 100, 7, 0, 602.0
935, 0, 32, 18, 0, 189.0
936, 0, 55, 69, 0, 2624.0
937, 0, 43, 23, 0, 2128.0
938, 0, 68, 72, 0, 2426.0
939, 0, 22, 29, 0, 1895.0
940, 0, 22, 49, 0, 400.0
941, 0, 60, 42, 0, 87.0
942, 0, 15, 48, 0, 81.0
943, 0, 44, 69, 0, 470.0
944, 0, 49, 26, 0, 1854.0
945, 0, 10, 51, 0, 664.0
946, 0, 19, 100, 0, 2410.0
947, 0, 9, 14, 0, 7406.0
948, 0, 17, 13, 0, 9.0
949, 0, 63, 70, 0, 3295.0
950, 0, 22, 32, 0, 1485.0
951, 0, 39, 28, 0, 33.0
952, 0, 16, 73, 0, 2048.0
953, 0, 3, 57, 0, 269.0
954, 0, 50, 5, 0, 2751.0
955, 0, 60, 62, 0, 3259.0
956, 0, 29, 100, 0, 1475.0
957, 0, 72, 64, 0, 1339.0
958, 0, 31, 18, 0, 2157.0
959, 0, 81, 52, 0, 1206.0
960, 0, 89, 81, 0, 849.0
961, 0, 89, 86, 0, 25.0
962, 0, 24, 8, 0, 6149.0
963, 0, 0, 7, 0, 25.0
964, 0, 98, 82, 0, 5723.0
965, 0, 41, 28, 0, 2973.0
966, 0, 76, 12, 0, 291.0
967, 0, 76, 96, 0, 7056.0
968, 0, 13, 27, 0, 4824.0
969, 0, 13, 91, 0, 4096.0
970, 0, 86, 44, 0, 2282.0
971, 0, 94, 60, 0, 264.0
972, 0, 44, 27, 0, 1139.0
973, 0, 80, 76, 0, 2437.0
974, 0, 98, 11, 0, 4243.0
975, 0, 16, 19, 0, 146.0
976, 0, 90, 56, 0, 1443.0
977, 0, 38, 87, 0, 1013.0
978, 0, 87, 84, 0, 58.0
979, 0, 24, 38, 0, 2179.0
980, 0, 70, 10, 0, 830.0
981, 0, 64, 65, 0, 3031.0
982, 0, 29, 8, 0, 3284.0
983, 0, 54, 20, 0, 169.0
984, 0, 27, 29, 0, 108.0
985, 0, 0, 90, 0, 3748.0
986, 0, 12, 44, 0, 2128.0
987, 0, 65, 90, 0, 2169.0
988, 0, 51, 2, 0, 7758.0
989, 0, 24, 16, 0, 223.0
990, 0, 7, 50, 0, 1173.0
991, 0, 97, 42, 0, 154.0
992, 0, 10, 25, 0, 376.0
993, 0, 25, 100, 0, 5640.0
994, 0, 93, 48, 0, 2772.0
995, 0, 25, 12, 0, 1364.0
996, 0, 23, 55, 0, 1851.0
997, 0, 89, 23, 0, 1090.0
998, 0, 90, 78, 0, 3026.0
999, 0, 32, 37, 0, 1739.0
